8545331 1.41
8545332 1.1,1.1,1.0,1.05,1.13,0.99
8545333 1.1,1.03
8545334 1.6,1.8
8545335 1.2,1.2,1.3,1.47,1.23,1.43,1.16
8545336 1.17,1.11
8545337 1.04
8545338 1.2
8545339 1.3
8545340 1.0,1.1,1.0,1.28
8545341 1.1,1.2
8545342 1.1,1.0
8545343 1.5,1.24
8545344 1.2
8545345 1.13
8545346 1.12
8545347 1.18,65.0
8545348 1.0,1.15,1.13,1.27,1.0
8545349 1.3,1.2
8545350 1.4,1.3,1.2,1.19,1.07,1.0,0.99,0.96
8545351 1.3,1.54
8545352 1.2
8545353 1.03,1.05,1.15,1.0,1.03,1.08
8545354 1.2,1.11,1.2,1.06
8545355 2.2,1.41,1.59,1.65,1.71
8545356 1.08
8545357 1.3,1.3,1.24,1.32,1.34
8545358 1.6,1.92,2.0,1.8,1.91,1.94,2.09,2.02,1.9
8545359 1.14,1.28,1.3,1.23
8545360 1.9,1.8,1.7
8545361 1.3
8545362 1.2,1.19
8545363 0.98,1.29,1.2,1.01
8545364 122.0
8545365 1.5,1.27
8545366 1.18
8545367 1.1,1.12,1.08
8545368 1.3,1.09,1.28,1.14,1.03,1.07,1.17,1.13,0.96,1.0,0.98
8545369 0.98
8545370 1.0
8545371 1.2,1.25
8545372 1.1,1.0
8545373 1.18
8545374 1.4
8545375 1.7
8545376 1.28,1.25,1.33
8545377 1.1
8545378 1.2,1.1,1.29
8545379 1.4
8545380 1.3
8545381 1.02,1.03
8545382 1.46,1.64
8545383 1.06
8545384 1.11,1.31,1.3,1.5
8545385 1.09
8545386 1.5
8545387 1.22,1.16,1.1,1.34
8545388 1.62
8545389 1.48
8545390 1.21,1.11,1.47
8545391 1.13
8545392 1.82
8545393 1.58
8545394 1.13,1.13,1.13
8545395 1.38
8545396 2.3
8545397 1.0,1.3,1.0
8545398 0.9,0.85,0.85,0.83
8545399 1.5,1.5
8545400 1.01
8545401 1.17,1.09,1.03,1.03,1.09,1.1
8545402 1.4
8545403 1.0,0.94,1.11,1.08,0.96,0.92,0.92
8545404 1.86
8545405 0.9,1.1,1.22,1.35,1.86
8545406 1.0
8545407 0.93,0.97,1.12
8545408 1.1,1.13
8545409 1.06
8545410 1.4,1.32,1.34
8545411 1.3,1.2,1.17
8545412 1.0,1.3,1.4,1.7
8545413 2.42
8545414 1.15,1.13
8545415 2.56,2.38
8545416 1.2,1.56,1.19,1.07
8545417 1.93,1.82,2.0,20.0,1.5
8545418 1.0,1.1,1.0,0.97,1.16,0.98,1.01,1.38,1.1
8545419 1.2,1.16
8545420 1.14,1.02
8545421 1.1
8545422 1.47,1.27,1.23
8545423 1.29,1.61,1.62
8545424 1.05
8545425 1.11
8545426 0.96
8545427 1.05,1.09,1.23,1.14,1.16,1.1
8545428 1.82
8545429 0.98
8545430 1.44